D:\tools\conda\envs\python37\python.exe E:/biye/项目整理/代码/tensorflow模板分类代码/果蔬分类/fv_tf2.3_cpu/test_model.py
Found 841 files belonging to 12 classes.
2021-06-10 17:43:27.228107: I tensorflow/core/platform/cpu_feature_guard.cc:142] This TensorFlow binary is optimized with oneAPI Deep Neural Network Library (oneDNN)to use the following CPU instructions in performance-critical operations:  AVX2
To enable them in other operations, rebuild TensorFlow with the appropriate compiler flags.
2021-06-10 17:43:27.233267: I tensorflow/compiler/xla/service/service.cc:168] XLA service 0x176b2adc7f0 initialized for platform Host (this does not guarantee that XLA will be used). Devices:
2021-06-10 17:43:27.233390: I tensorflow/compiler/xla/service/service.cc:176]   StreamExecutor device (0): Host, Default Version
Found 391 files belonging to 12 classes.
25/25 [==============================] - 4s 157ms/step - loss: 0.0818 - accuracy: 0.9770
Mobilenet test accuracy : 0.9769821166992188
[[24.  0.  0.  0.  0.  0.  1.  0.  0.  0.  0.  0.]
 [ 0. 27.  0.  0.  0.  0.  0.  0.  0.  0.  0.  0.]
 [ 0.  0. 46.  0.  0.  0.  0.  0.  0.  0.  0.  0.]
 [ 0.  0.  0. 30.  0.  0.  0.  0.  0.  1.  0.  0.]
 [ 0.  0.  0.  0. 31.  0.  0.  0.  0.  0.  0.  0.]
 [ 0.  0.  0.  0.  0. 34.  0.  0.  0.  0.  0.  0.]
 [ 0.  0.  1.  0.  1.  0. 24.  0.  2.  0.  0.  0.]
 [ 0.  0.  0.  0.  0.  0.  0. 48.  0.  0.  0.  0.]
 [ 0.  2.  0.  0.  0.  0.  0.  1. 28.  0.  0.  0.]
 [ 0.  0.  0.  0.  0.  0.  0.  0.  0. 33.  0.  0.]
 [ 0.  0.  0.  0.  0.  0.  0.  0.  0.  0. 24.  0.]
 [ 0.  0.  0.  0.  0.  0.  0.  0.  0.  0.  0. 33.]]

[[0.96       0.         0.         0.         0.         0.
  0.04       0.         0.         0.         0.         0.        ]
 [0.         1.         0.         0.         0.         0.
  0.         0.         0.         0.         0.         0.        ]
 [0.         0.         1.         0.         0.         0.
  0.         0.         0.         0.         0.         0.        ]
 [0.         0.         0.         0.96774194 0.         0.
  0.         0.         0.         0.03225806 0.         0.        ]
 [0.         0.         0.         0.         1.         0.
  0.         0.         0.         0.         0.         0.        ]
 [0.         0.         0.         0.         0.         1.
  0.         0.         0.         0.         0.         0.        ]
 [0.         0.         0.03571429 0.         0.03571429 0.
  0.85714286 0.         0.07142857 0.         0.         0.        ]
 [0.         0.         0.         0.         0.         0.
  0.         1.         0.         0.         0.         0.        ]
 [0.         0.06451613 0.         0.         0.         0.
  0.         0.03225806 0.90322581 0.         0.         0.        ]
 [0.         0.         0.         0.         0.         0.
  0.         0.         0.         1.         0.         0.        ]
 [0.         0.         0.         0.         0.         0.
  0.         0.         0.         0.         1.         0.        ]
 [0.         0.         0.         0.         0.         0.
  0.         0.         0.         0.         0.         1.        ]]
Found 841 files belonging to 12 classes.
Found 391 files belonging to 12 classes.
25/25 [==============================] - 2s 70ms/step - loss: 2.0248 - accuracy: 0.4808
CNN test accuracy : 0.48081842064857483
[[ 1.  0.  0.  0. 19.  0.  1.  4.  0.  0.  0.  0.]
 [ 0.  0.  0.  0.  0.  4.  0. 18.  5.  0.  0.  0.]
 [ 0.  0. 26.  1. 16.  0.  0.  0.  0.  1.  0.  2.]
 [ 0.  0.  2. 21.  1.  0.  0.  0.  0.  1.  0.  6.]
 [ 0.  0.  0.  0. 31.  0.  0.  0.  0.  0.  0.  0.]
 [ 0.  1.  0.  1.  5. 25.  0.  1.  1.  0.  0.  0.]
 [ 2.  0.  0.  0. 17.  0.  7.  1.  0.  0.  0.  1.]
 [ 0.  0.  0.  2.  5.  3.  0. 27.  9.  1.  1.  0.]
 [ 0.  0.  0.  0.  0.  6.  0. 12. 13.  0.  0.  0.]
 [ 0.  0.  1.  1.  1.  0.  0.  0.  0.  9.  0. 21.]
 [ 5.  0.  3.  0.  8.  0.  2.  0.  0.  0.  4.  2.]
 [ 0.  0.  0.  0.  4.  0.  0.  0.  0.  5.  0. 24.]]

[[0.04       0.         0.         0.         0.76       0.
  0.04       0.16       0.         0.         0.         0.        ]
 [0.         0.         0.         0.         0.         0.14814815
  0.         0.66666667 0.18518519 0.         0.         0.        ]
 [0.         0.         0.56521739 0.02173913 0.34782609 0.
  0.         0.         0.         0.02173913 0.         0.04347826]
 [0.         0.         0.06451613 0.67741935 0.03225806 0.
  0.         0.         0.         0.03225806 0.         0.19354839]
 [0.         0.         0.         0.         1.         0.
  0.         0.         0.         0.         0.         0.        ]
 [0.         0.02941176 0.         0.02941176 0.14705882 0.73529412
  0.         0.02941176 0.02941176 0.         0.         0.        ]
 [0.07142857 0.         0.         0.         0.60714286 0.
  0.25       0.03571429 0.         0.         0.         0.03571429]
 [0.         0.         0.         0.04166667 0.10416667 0.0625
  0.         0.5625     0.1875     0.02083333 0.02083333 0.        ]
 [0.         0.         0.         0.         0.         0.19354839
  0.         0.38709677 0.41935484 0.         0.         0.        ]
 [0.         0.         0.03030303 0.03030303 0.03030303 0.
  0.         0.         0.         0.27272727 0.         0.63636364]
 [0.20833333 0.         0.125      0.         0.33333333 0.
  0.08333333 0.         0.         0.         0.16666667 0.08333333]
 [0.         0.         0.         0.         0.12121212 0.
  0.         0.         0.         0.15151515 0.         0.72727273]]

Process finished with exit code 0
